总结 
×××××××××排序完成，计算平均流速结果如下×××××××××
---N---|----Z----|----Q----|----A----|----U----
      0|    44.35|   531.00|  1210.00|     0.44
      1|    45.45|  1200.00|  1580.00|     0.76
      2|    46.41|  2230.00|  1980.00|     1.13
      3|    46.96|  2820.00|  2210.00|     1.28
      4|    47.58|  3510.00|  2470.00|     1.42
      5|    48.09|  4370.00|  2710.00|     1.61
      6|    48.76|  4950.00|  3020.00|     1.64
      7|    49.03|  5690.00|  3250.00|     1.75
      8|    50.60|  7490.00|  3880.00|     1.93
      9|    51.68| 10200.00|  4400.00|     2.32
     10|    52.16| 10300.00|  4630.00|     2.22
     11|    53.01| 11900.00|  5050.00|     2.36
     12|    53.76| 14500.00|  5390.00|     2.69
     13|    54.19| 13700.00|  5610.00|     2.44
     14|    55.68| 18800.00|  6350.00|     2.96
     15|    56.98| 19600.00|  7010.00|     2.80
     16|    57.31| 20700.00|  7160.00|     2.89
×××××××××【4】阶拟合曲线  Y=8.72 *  P[0] + 1.92 *  P[1] + -0.23 *  P[2] + 0.01 *  P[3] + 0.13 *  P[4] 

一阶拟合
×××××××××实测水位、实测流量、拟合流量分别如下×××××××××
---N---|----Z----|----Q----|----Qc----
      0|    44.35|   531.00|   627.05
      1|    45.45|  1200.00|  1310.36
      2|    46.41|  2230.00|  2099.19
      3|    46.96|  2820.00|  2630.47
      4|    47.58|  3510.00|  3297.79
      5|    48.09|  4370.00|  3900.62
      6|    48.76|  4950.00|  4765.91
      7|    49.03|  5690.00|  5138.01
      8|    50.60|  7490.00|  7565.53
      9|    51.68| 10200.00|  9494.24
     10|    52.16| 10300.00| 10418.53
     11|    53.01| 11900.00| 12155.89
     12|    53.76| 14500.00| 13795.09
     13|    54.19| 13700.00| 14779.60
     14|    55.68| 18800.00| 18441.60
     15|    56.98| 19600.00| 21952.23
     16|    57.31| 20700.00| 22889.91
拟合流量 Q_unknow == 23787.87
+++++++++++++++++++++++++++++++++++++++++++++++++++

二阶拟合
×××××××××实测水位、实测流量、拟合流量分别如下×××××××××
---N---|----Z----|----Q----|----Qc----
      0|    44.35|   531.00|   523.80
      1|    45.45|  1200.00|  1273.35
      2|    46.41|  2230.00|  2167.09
      3|    46.96|  2820.00|  2767.49
      4|    47.58|  3510.00|  3513.17
      5|    48.09|  4370.00|  4176.46
      6|    48.76|  4950.00|  5109.81
      7|    49.03|  5690.00|  5504.28
      8|    50.60|  7490.00|  7979.63
      9|    51.68| 10200.00|  9835.14
     10|    52.16| 10300.00| 10693.12
     11|    53.01| 11900.00| 12256.15
     12|    53.76| 14500.00| 13676.32
     13|    54.19| 13700.00| 14505.90
     14|    55.68| 18800.00| 17453.98
     15|    56.98| 19600.00| 20102.11
     16|    57.31| 20700.00| 20783.41
拟合流量 Q_unknow == 22872.36
+++++++++++++++++++++++++++++++++++++++++++++++++++

三阶拟合
×××××××××实测水位、实测流量、拟合流量分别如下×××××××××
---N---|----Z----|----Q----|----Qc----
      0|    44.35|   531.00|   522.64
      1|    45.45|  1200.00|  1275.59
      2|    46.41|  2230.00|  2170.91
      3|    46.96|  2820.00|  2771.22
      4|    47.58|  3510.00|  3515.89
      5|    48.09|  4370.00|  4177.71
      6|    48.76|  4950.00|  5108.44
      7|    49.03|  5690.00|  5501.69
      8|    50.60|  7490.00|  7969.54
      9|    51.68| 10200.00|  9821.17
     10|    52.16| 10300.00| 10678.22
     11|    53.01| 11900.00| 12241.35
     12|    53.76| 14500.00| 13663.90
     13|    54.19| 13700.00| 14495.98
     14|    55.68| 18800.00| 17460.38
     15|    56.98| 19600.00| 20133.98
     16|    57.31| 20700.00| 20823.63
拟合流量 Q_unknow == 21995.78
+++++++++++++++++++++++++++++++++++++++++++++++++++

四阶拟合
×××××××××实测水位、实测流量、拟合流量分别如下×××××××××
---N---|----Z----|----Q----|----Qc----
      0|    44.35|   531.00|   526.93
      1|    45.45|  1200.00|  1249.95
      2|    46.41|  2230.00|  2158.26
      3|    46.96|  2820.00|  2775.19
      4|    47.58|  3510.00|  3539.86
      5|    48.09|  4370.00|  4215.49
      6|    48.76|  4950.00|  5156.83
      7|    49.03|  5690.00|  5551.30
      8|    50.60|  7490.00|  7988.97
      9|    51.68| 10200.00|  9791.20
     10|    52.16| 10300.00| 10623.46
     11|    53.01| 11900.00| 12146.06
     12|    53.76| 14500.00| 13544.65
     13|    54.19| 13700.00| 14371.64
     14|    55.68| 18800.00| 17396.45
     15|    56.98| 19600.00| 20269.48
     16|    57.31| 20700.00| 21038.71
拟合流量 Q_unknow == 18259.54
+++++++++++++++++++++++++++++++++++++++++++++++++++







rainy@LLVM:~/Desktop/SWXX_swll_zjhs$ clang -lm zjhs.c -o zjhs.out && ./zjhs.out 

本程序使用前请将数据以文本文件的形式存储，水位与流量之间以分页符（tab）隔开，一行一组数据

*********请输入待处理数据的文件名：data.txt
×××××××××文件打开成功，即将开始计算×××××××××

×××××××××开始对水位Z与对应的流量Q进行排序×××××××××
×××××××××排序完成，计算平均流速结果如下×××××××××
---N---|----Z----|----Q----|----A----|----U----
      0|    44.35|   531.00|  1210.00|     0.44
      1|    45.45|  1200.00|  1580.00|     0.76
      2|    46.41|  2230.00|  1980.00|     1.13
      3|    46.96|  2820.00|  2210.00|     1.28
      4|    47.58|  3510.00|  2470.00|     1.42
      5|    48.09|  4370.00|  2710.00|     1.61
      6|    48.76|  4950.00|  3020.00|     1.64
      7|    49.03|  5690.00|  3250.00|     1.75
      8|    50.60|  7490.00|  3880.00|     1.93
      9|    51.68| 10200.00|  4400.00|     2.32
     10|    52.16| 10300.00|  4630.00|     2.22
     11|    53.01| 11900.00|  5050.00|     2.36
     12|    53.76| 14500.00|  5390.00|     2.69
     13|    54.19| 13700.00|  5610.00|     2.44
     14|    55.68| 18800.00|  6350.00|     2.96
     15|    56.98| 19600.00|  7010.00|     2.80
     16|    57.31| 20700.00|  7160.00|     2.89
*********请输入Z_0:42
默认最大拟合阶数为5阶，是否修改？（修改请输入1，否则请输入0）  0
×××××××××【1】阶拟合曲线  Y=8.72 *  P[0] + 1.92 *  P[1] + 

×××××××××实测水位、实测流量、拟合流量分别如下×××××××××
---N---|----Z----|----Q----|----Qc----
      0|    44.35|   531.00|   627.05
      1|    45.45|  1200.00|  1310.36
      2|    46.41|  2230.00|  2099.19
      3|    46.96|  2820.00|  2630.47
      4|    47.58|  3510.00|  3297.79
      5|    48.09|  4370.00|  3900.62
      6|    48.76|  4950.00|  4765.91
      7|    49.03|  5690.00|  5138.01
      8|    50.60|  7490.00|  7565.53
      9|    51.68| 10200.00|  9494.24
     10|    52.16| 10300.00| 10418.53
     11|    53.01| 11900.00| 12155.89
     12|    53.76| 14500.00| 13795.09
     13|    54.19| 13700.00| 14779.60
     14|    55.68| 18800.00| 18441.60
     15|    56.98| 19600.00| 21952.23
     16|    57.31| 20700.00| 22889.91

+++++++++++++++++++++++++++++++++++++++++++++++++++
####进入单一定线检验####
|----N----|----r----|
|        0|    15.32|
|        1|     8.42|
|        2|     6.23|
|        3|     7.21|
|        4|     6.43|
|        5|    12.03|
|        6|     3.86|
|        7|    10.74|
|        8|     1.00|
|        9|     7.43|
|       10|     1.14|
|       11|     2.11|
|       12|     5.11|
|       13|     7.30|
|       14|     1.94|
|       15|    10.72|
|       16|     9.57|
=========单一定线检验通过!=========


+++++++++++++++++++++++++++++++++++++++++++++++++++
=========开始符号检验=========
---------k_0=9	k_1=8---------
---------默认显著性水平α=0.05，是否接受？(接受请输入1，否则为0):1
---------u==0.00	u_std==1.96---------
=========符号检验通过!=========


+++++++++++++++++++++++++++++++++++++++++++++++++++
========进入适线检验=========
<debug--SX> k_0==8	k_1==8
---------默认显著性水平α=0.05，是否接受？(接受请输入1，否则为0):1
---------u==-0.25	u_std==1.64---------
=========适线检验通过!=========


+++++++++++++++++++++++++++++++++++++++++++++++++++
=========进入偏离数值检验！=========
=========默认显著性水平α=0.05，是否接受？(接受请输入1，否则为0):1
<debug--plsz>  t==0.16	t_std-calc=2.12
=========偏离数值检验通过!=========


+++++++++++++++++++++++++++++++++++++++++++++++++++
[1]阶拟合完成且检验结果如上
	[0]退出
	[1]继续
	[2]已知水位计算拟合流量
请输入你的选择：2 
=======已知水位，开始计算拟合流量========

进入Q_unknow
请输入水位Z=57.62
拟合流量 Q_unknow == 23787.87
计算完成
	[0]退出计算并退出程序
	[1]退出计算并继续拟合
	[2]继续计算
请选择：1
×××××××××【2】阶拟合曲线  Y=8.72 *  P[0] + 1.92 *  P[1] + -0.23 *  P[2] + 

×××××××××实测水位、实测流量、拟合流量分别如下×××××××××
---N---|----Z----|----Q----|----Qc----
      0|    44.35|   531.00|   523.80
      1|    45.45|  1200.00|  1273.35
      2|    46.41|  2230.00|  2167.09
      3|    46.96|  2820.00|  2767.49
      4|    47.58|  3510.00|  3513.17
      5|    48.09|  4370.00|  4176.46
      6|    48.76|  4950.00|  5109.81
      7|    49.03|  5690.00|  5504.28
      8|    50.60|  7490.00|  7979.63
      9|    51.68| 10200.00|  9835.14
     10|    52.16| 10300.00| 10693.12
     11|    53.01| 11900.00| 12256.15
     12|    53.76| 14500.00| 13676.32
     13|    54.19| 13700.00| 14505.90
     14|    55.68| 18800.00| 17453.98
     15|    56.98| 19600.00| 20102.11
     16|    57.31| 20700.00| 20783.41

+++++++++++++++++++++++++++++++++++++++++++++++++++
####进入单一定线检验####
|----N----|----r----|
|        0|     1.38|
|        1|     5.76|
|        2|     2.90|
|        3|     1.90|
|        4|     0.09|
|        5|     4.63|
|        6|     3.13|
|        7|     3.37|
|        8|     6.14|
|        9|     3.71|
|       10|     3.68|
|       11|     2.91|
|       12|     6.02|
|       13|     5.56|
|       14|     7.71|
|       15|     2.50|
|       16|     0.40|
=========单一定线检验通过!=========


+++++++++++++++++++++++++++++++++++++++++++++++++++
=========开始符号检验=========
---------k_0=8	k_1=9---------
---------默认显著性水平α=0.05，是否接受？(接受请输入1，否则为0):1
---------u==0.00	u_std==1.96---------
=========符号检验通过!=========


+++++++++++++++++++++++++++++++++++++++++++++++++++
========进入适线检验=========
<debug--SX> k_0==3	k_1==13
---------默认显著性水平α=0.05，是否接受？(接受请输入1，否则为0):1
---------u==2.25	u_std==1.64---------
=========适线检验失败！=========


+++++++++++++++++++++++++++++++++++++++++++++++++++
=========进入偏离数值检验！=========
=========默认显著性水平α=0.05，是否接受？(接受请输入1，否则为0):1
<debug--plsz>  t==0.08	t_std-calc=2.12
=========偏离数值检验通过!=========


+++++++++++++++++++++++++++++++++++++++++++++++++++
[2]阶拟合完成且检验结果如上
	[0]退出
	[1]继续
	[2]已知水位计算拟合流量
请输入你的选择：2
=======已知水位，开始计算拟合流量========

进入Q_unknow
请输入水位Z=57.62
拟合流量 Q_unknow == 22872.36
计算完成
	[0]退出计算并退出程序
	[1]退出计算并继续拟合
	[2]继续计算
请选择：1
×××××××××【3】阶拟合曲线  Y=8.72 *  P[0] + 1.92 *  P[1] + -0.23 *  P[2] + 0.01 *  P[3] + 

×××××××××实测水位、实测流量、拟合流量分别如下×××××××××
---N---|----Z----|----Q----|----Qc----
      0|    44.35|   531.00|   522.64
      1|    45.45|  1200.00|  1275.59
      2|    46.41|  2230.00|  2170.91
      3|    46.96|  2820.00|  2771.22
      4|    47.58|  3510.00|  3515.89
      5|    48.09|  4370.00|  4177.71
      6|    48.76|  4950.00|  5108.44
      7|    49.03|  5690.00|  5501.69
      8|    50.60|  7490.00|  7969.54
      9|    51.68| 10200.00|  9821.17
     10|    52.16| 10300.00| 10678.22
     11|    53.01| 11900.00| 12241.35
     12|    53.76| 14500.00| 13663.90
     13|    54.19| 13700.00| 14495.98
     14|    55.68| 18800.00| 17460.38
     15|    56.98| 19600.00| 20133.98
     16|    57.31| 20700.00| 20823.63

+++++++++++++++++++++++++++++++++++++++++++++++++++
####进入单一定线检验####
|----N----|----r----|
|        0|     1.60|
|        1|     5.93|
|        2|     2.72|
|        3|     1.76|
|        4|     0.17|
|        5|     4.60|
|        6|     3.10|
|        7|     3.42|
|        8|     6.02|
|        9|     3.86|
|       10|     3.54|
|       11|     2.79|
|       12|     6.12|
|       13|     5.49|
|       14|     7.67|
|       15|     2.65|
|       16|     0.59|
=========单一定线检验通过!=========


+++++++++++++++++++++++++++++++++++++++++++++++++++
=========开始符号检验=========
---------k_0=8	k_1=9---------
---------默认显著性水平α=0.05，是否接受？(接受请输入1，否则为0):1
---------u==0.00	u_std==1.96---------
=========符号检验通过!=========


+++++++++++++++++++++++++++++++++++++++++++++++++++
========进入适线检验=========
<debug--SX> k_0==3	k_1==13
---------默认显著性水平α=0.05，是否接受？(接受请输入1，否则为0):1
---------u==2.25	u_std==1.64---------
=========适线检验失败！=========


+++++++++++++++++++++++++++++++++++++++++++++++++++
=========进入偏离数值检验！=========
=========默认显著性水平α=0.05，是否接受？(接受请输入1，否则为0):1
<debug--plsz>  t==0.08	t_std-calc=2.12
=========偏离数值检验通过!=========


+++++++++++++++++++++++++++++++++++++++++++++++++++
[3]阶拟合完成且检验结果如上
	[0]退出
	[1]继续
	[2]已知水位计算拟合流量
请输入你的选择：2
=======已知水位，开始计算拟合流量========

进入Q_unknow
请输入水位Z=57.62
拟合流量 Q_unknow == 21995.78
计算完成
	[0]退出计算并退出程序
	[1]退出计算并继续拟合
	[2]继续计算
请选择：1
×××××××××【4】阶拟合曲线  Y=8.72 *  P[0] + 1.92 *  P[1] + -0.23 *  P[2] + 0.01 *  P[3] + 0.13 *  P[4] + 

×××××××××实测水位、实测流量、拟合流量分别如下×××××××××
---N---|----Z----|----Q----|----Qc----
      0|    44.35|   531.00|   526.93
      1|    45.45|  1200.00|  1249.95
      2|    46.41|  2230.00|  2158.26
      3|    46.96|  2820.00|  2775.19
      4|    47.58|  3510.00|  3539.86
      5|    48.09|  4370.00|  4215.49
      6|    48.76|  4950.00|  5156.83
      7|    49.03|  5690.00|  5551.30
      8|    50.60|  7490.00|  7988.97
      9|    51.68| 10200.00|  9791.20
     10|    52.16| 10300.00| 10623.46
     11|    53.01| 11900.00| 12146.06
     12|    53.76| 14500.00| 13544.65
     13|    54.19| 13700.00| 14371.64
     14|    55.68| 18800.00| 17396.45
     15|    56.98| 19600.00| 20269.48
     16|    57.31| 20700.00| 21038.71

+++++++++++++++++++++++++++++++++++++++++++++++++++
####进入单一定线检验####
|----N----|----r----|
|        0|     0.77|
|        1|     4.00|
|        2|     3.32|
|        3|     1.61|
|        4|     0.84|
|        5|     3.67|
|        6|     4.01|
|        7|     2.50|
|        8|     6.25|
|        9|     4.18|
|       10|     3.04|
|       11|     2.03|
|       12|     7.05|
|       13|     4.67|
|       14|     8.07|
|       15|     3.30|
|       16|     1.61|
=========单一定线检验通过!=========


+++++++++++++++++++++++++++++++++++++++++++++++++++
=========开始符号检验=========
---------k_0=8	k_1=9---------
---------默认显著性水平α=0.05，是否接受？(接受请输入1，否则为0):1
---------u==0.00	u_std==1.96---------
=========符号检验通过!=========


+++++++++++++++++++++++++++++++++++++++++++++++++++
========进入适线检验=========
<debug--SX> k_0==3	k_1==13
---------默认显著性水平α=0.05，是否接受？(接受请输入1，否则为0):1
---------u==2.25	u_std==1.64---------
=========适线检验失败！=========


+++++++++++++++++++++++++++++++++++++++++++++++++++
=========进入偏离数值检验！=========
=========默认显著性水平α=0.05，是否接受？(接受请输入1，否则为0):1
<debug--plsz>  t==0.08	t_std-calc=2.12
=========偏离数值检验通过!=========


+++++++++++++++++++++++++++++++++++++++++++++++++++
[4]阶拟合完成且检验结果如上
	[0]退出
	[1]继续
	[2]已知水位计算拟合流量
请输入你的选择：2
=======已知水位，开始计算拟合流量========

进入Q_unknow
请输入水位Z=57.62
拟合流量 Q_unknow == 18259.54
计算完成
	[0]退出计算并退出程序
	[1]退出计算并继续拟合
	[2]继续计算
请选择：0
